10 8.35 8.51 4.88 4.26 5.35 2.6 5.34 4.7 4.15 2.68
20 7.5 8.51 4.68 4.37 8.13 3.59 5.29 5.35 4.19 2.89
30 7.85 8.61 4.27 3.13 7.34 7.48 5.78 4.87 4.24 2.55
40 6.02 8.6 5.05 4.33 6.35 3.64 5.57 3.56 4.45 2.63
50 6.92 8.3 4.66 4.25 7.03 3.28 5.14 3.26 3.84 2.95
60 6.22 8.67 4.8 4.14 7.39 2.65 5.17 4.44 3.85 2.56
70 6.01 9.55 4.65 4.29 7.02 2.42 5.63 3.36 3.87 2.53
80 5.35 9.02 4.13 4.08 6.67 2.56 5.15 2.9 3.54 2.62
90 7.26 9.41 4.25 4.12 5.61 4.64 5.44 4.41 4.1 2.68
100 3.84 9.45 4.69 4.11 6.28 3.55 4.79 4.21 4.35 2.35
110 6.19 9.47 4.67 4.14 5.98 3 5.08 4.74 3.87 2.52
120 5.27 9.27 4.51 4 5.61 2.61 5.58 4.96 3.63 2.31
130 6.45 9.55 4.46 3.85 5.61 2.2 5.11 3.85 3.64 1.96
140 5.48 8.88 4.26 3.91 6.32 4.24 5.16 2.93 2.26 2.44
150 6.1 8.9 4.37 3.91 6.11 5.87 5.36 4.9 3.61 2.59
160 6.28 9.06 4.63 3.95 4.68 3.31 5.14 3.53 3.9 2.74
170 6.35 9.76 4.75 3.68 5.83 3.39 5.67 4.88 3.98 2.93
180 6.48 8.55 4.56 4.34 6.4 3.14 6.04 3.47 3.68 2.84
190 6.7 10.5 4.8 4.09 6.76 3.14 5.88 5.21 3.81 2.65
200 7.14 8.83 4.43 3.93 7.07 2.96 5.49 3.8 4.3 3.24
210 6.28 8.28 4.19 4.12 4.62 3.05 5.79 2.97 4.04 2.63
220 6.93 9.23 4.71 3.4 6.85 3.17 5.34 3.44 3.87 2.19
230 5.71 8.57 4.38 3.91 4.48 3.02 4.91 2.53 3.73 2.42
240 4.77 8.55 4.56 4.06 6.47 2.64 5.01 3.76 3.58 2.4
250 5.04 5.12 4.5 4.09 5.04 2.89 4.8 3.68 3.45 2.45
260 6.19 8.81 4.48 3.84 5.53 2.88 4.5 2.12 3.56 2.39
270 4.58 9.31 4.61 4.02 6.23 5.32 4.2 2.35 3.46 2.2
280 5.15 8.81 4.65 4.04 6.72 2.95 4.5 2.17 3.52 2.41
290 6.69 10.1 4.64 3.9 5.71 3.1 4.58 4.01 3.58 2.74
300 5.8 11.2 3.85 3.8 8.27 2.93 4.58 2.95 3.2 2.55
310 7.09 9.5 4.38 3.88 5.89 3.12 4.97 3.36 2.91 2.32
320 6.49 9.14 4.32 3.92 6.27 3.04 5 3.58 3.41 3.07
330 7.16 8.84 4.03 3.7 5.93 6.1 5.06 4.06 4.27 3.13
340 5.96 9.83 4.55 4.03 5.04 3.26 5.17 3.82 4.34 2.84
350 7.06 8.64 4.03 3.74 4.57 3.13 5.02 3.13 3.58 2.82
360 7 9.26 4.29 3.81 5.11 2.75 4.81 2.4 3.37 3.73
